[
    {
        "frame": 0,
        "cube": [[[3, 34, 65, 91, 122], [66, 97, 103, 9, 40], [109, 15, 41, 72, 78], [47, 53, 84, 115, 16], [90, 116, 22, 28, 59]], [[89, 120, 21, 27, 58], [2, 33, 64, 95, 121], [70, 96, 102, 8, 39], [108, 14, 45, 71, 77], [46, 52, 83, 114, 20]], [[50, 51, 82, 113, 19], [88, 119, 25, 26, 57], [1, 32, 63, 94, 125], [69, 100, 101, 7, 38], [107, 13, 44, 75, 76]], [[106, 12, 43, 74, 80], [49, 55, 81, 112, 18], [87, 118, 24, 30, 56], [5, 31, 62, 93, 124], [68, 99, 105, 6, 37]], [[67, 98, 104, 10, 36], [110, 11, 42, 73, 79], [48, 54, 85, 111, 17], [86, 117, 23, 29, 60], [4, 35, 61, 92, 123]]]
    },
    {
        "frame": 1,
        "cube": [[[89, 120, 21, 27, 58], [2, 33, 64, 95, 121], [70, 96, 102, 8, 39], [108, 14, 45, 71, 77], [46, 52, 83, 114, 20]], [[50, 51, 82, 113, 19], [88, 119, 25, 26, 57], [1, 32, 63, 94, 125], [69, 100, 101, 7, 38], [107, 13, 44, 75, 76]], [[106, 12, 43, 74, 80], [49, 55, 81, 112, 18], [87, 118, 24, 30, 56], [5, 31, 62, 93, 124], [68, 99, 105, 6, 37]], [[67, 98, 104, 10, 36], [110, 11, 42, 73, 79], [48, 54, 85, 111, 17], [86, 117, 23, 29, 60], [4, 35, 61, 92, 123]], [[3, 34, 65, 91, 122], [66, 97, 103, 9, 40], [109, 15, 41, 72, 78], [47, 53, 84, 115, 16], [90, 116, 22, 28, 59]]]
    },
    {
        "frame": 2,
        "cube": [[[3, 34, 65, 91, 122], [66, 97, 103, 9, 40], [109, 15, 41, 72, 78], [47, 53, 84, 115, 16], [90, 116, 22, 28, 59]], [[89, 120, 21, 27, 58], [2, 33, 64, 95, 121], [70, 96, 102, 8, 39], [108, 14, 45, 71, 77], [46, 52, 83, 114, 20]], [[50, 51, 82, 113, 19], [88, 119, 25, 26, 57], [1, 32, 63, 94, 125], [69, 100, 101, 7, 38], [107, 13, 44, 75, 76]], [[106, 12, 43, 74, 80], [49, 55, 81, 112, 18], [87, 118, 24, 30, 56], [5, 31, 62, 93, 124], [68, 99, 105, 6, 37]], [[67, 98, 104, 10, 36], [110, 11, 42, 73, 79], [48, 54, 85, 111, 17], [86, 117, 23, 29, 60], [4, 35, 61, 92, 123]]]
    }
]